% Truong hop 1 : Chay vong trong 
[ -0.2209    0.0322    6.0754]
[ -0.0976    0.0050    6.1850]
[  0.1233    0.0272    0.1096]  %Error

%Truong hop 2: chay o vuong
[ -0.0403    0.1022    4.7090]
[ -0.0084    0.0078    4.7118]
[  0.0319    0.0944    0.0028]  %Error
%Truong hop 3: chay vong so 8
endPoint        = [-0.1369    0.0230   -0.0779]
endPointSim     = [-0.0620    0.0020   -0.0656]
endPointError   = [ 0.0749    0.0211    0.0123] %Error